           -10      -0.065126         0.1254
       -9.7997      -0.070736        0.13345
          -9.6        0.22844        0.15654
       -9.3998        0.42714        0.17906
          -9.2        0.49753        0.18753
            -9         0.2485        0.18933
          -8.8        0.52232        0.24463
          -8.6         0.8294        0.27188
       -8.3998        0.52164        0.18616
          -8.2         1.3234        0.32999
       -7.9997        0.71016        0.24546
          -7.8         1.2296        0.29108
       -7.5998        0.78379        0.26771
          -7.4         1.8481        0.28834
          -7.2          1.057         0.2787
            -7         1.9013        0.29825
          -6.8         2.0022        0.38736
       -6.5998         2.3069        0.38652
          -6.4         2.3651         0.3662
       -6.1998         2.3835        0.36174
            -6         3.0573        0.43322
       -5.7998         2.6471        0.35933
          -5.6         3.4587        0.44532
          -5.4           2.37        0.35191
          -5.2         4.1112         0.4722
            -5         4.3557        0.47756
       -4.7998         4.2271        0.53146
          -4.6         4.5852        0.50557
       -4.3998         5.5745        0.58553
          -4.2         5.4856        0.57805
       -3.9998          5.787        0.59368
          -3.8         5.2574        0.57692
       -3.5998         4.8306        0.60955
          -3.4         2.8024        0.51495
          -3.2          3.744        0.53952
            -3         3.2504        0.51643
          -2.8         3.1009        0.59557
       -2.5998         2.5278        0.61265
          -2.4         1.3412        0.65362
       -2.1998         2.3526        0.70897
            -2         3.2233        0.86254
       -1.7998         3.2678        0.94888
          -1.6         5.8036         1.1706
       -1.3998         6.4853         1.4738
          -1.2         8.1404         1.9649
            -1         16.322         2.6179
        1.2002         6.2582         1.0535
           1.4          5.117        0.84384
        1.6002         4.6546        0.68806
           1.8          4.382        0.68635
        2.0002         3.8918        0.60725
           2.2         2.7785        0.60418
           2.4         3.5908        0.55865
           2.6         5.7223        0.62699
           2.8         6.5831        0.67012
             3         7.7107        0.72428
           3.2         7.8852         0.6878
           3.4         10.135        0.75936
           3.6         9.6452        0.79754
           3.8         11.036        0.83115
             4         12.956        0.84334
           4.2          11.84        0.91092
           4.4         11.807        0.92652
           4.6          13.85        0.93303
           4.8          13.56        0.93342
             5         11.816        0.91304
           5.2         12.083        0.86495
        5.4001         12.198        0.86373
           5.6         10.787        0.88848
        5.8001         10.497        0.84862
             6         9.8124         0.8487
        6.2001         9.3953        0.83423
           6.4         8.7806        0.81512
           6.6         8.9527        0.79138
           6.8          7.353        0.77383
             7         8.5063        0.85421
           7.2         8.4455        0.98713
           7.4         7.1263        0.83126
           7.6         6.6708        0.78354
           7.8         4.8795        0.66776
             8         6.2417        0.87443
           8.2         5.0815        0.74678
           8.4         4.2067        0.65952
           8.6         3.5588        0.66573
        8.8001         3.7307        0.61198
             9         2.4906         0.5256
        9.2001         2.3899        0.57557
           9.4         2.2247        0.56098
        9.6001         2.0315        0.58482
           9.8         2.3221         0.5982
            10         1.3424        0.58789
          10.2         3.1056        0.74649
          10.4         2.3119        0.65021
          10.6         2.0344        0.66877
          10.8         1.6935        0.65613
            11         1.9335        0.71767
          11.2         1.2957        0.63406
          11.4        0.67336        0.66607
          11.6          2.234        0.75317
          11.8       0.051506        0.74455
            12       -0.56554        0.79599
