           -10         1.1258        0.26376
       -9.7997        0.38684        0.23511
          -9.6         1.4494        0.29336
       -9.3998         1.6093        0.27367
          -9.2         1.4061        0.29239
            -9         1.7077        0.36296
          -8.8         2.0673         0.4234
          -8.6         1.2577        0.35406
       -8.3998          2.098        0.30278
          -8.2          2.102        0.36829
       -7.9997         1.8913        0.39461
          -7.8         2.4616        0.34165
       -7.5998         2.9423        0.45172
          -7.4         3.3934        0.40864
          -7.2         3.3962        0.46425
            -7         4.0255         0.4181
          -6.8         4.0428        0.47549
       -6.5998         3.2007        0.41774
          -6.4         3.7042        0.47196
       -6.1998         5.0591        0.50731
            -6         4.3235        0.48634
       -5.7998         5.3165        0.50035
          -5.6         3.8414        0.49263
          -5.4         5.3223        0.51387
          -5.2         5.1373        0.54536
            -5         7.4716        0.61486
       -4.7998         6.2499        0.59032
          -4.6         8.0963        0.62956
       -4.3998         6.4661        0.56848
          -4.2         6.2988        0.67894
       -3.9998         6.7578        0.64202
          -3.8         6.0342        0.63737
       -3.5998         6.1229        0.63068
          -3.4         4.6654        0.60978
          -3.2          4.752        0.61872
            -3         6.1904        0.68642
          -2.8         3.8615        0.62086
       -2.5998          3.834        0.74478
          -2.4          4.508        0.72368
       -2.1998         4.5267        0.82933
            -2         6.0087        0.91211
       -1.7998         5.8421         1.0361
          -1.6         10.153         1.2711
       -1.3998         13.828         1.6199
        1.2002         10.503         1.1434
           1.4         8.9751        0.94593
        1.6002         9.2033        0.80557
           1.8         6.5396        0.72632
        2.0002         6.6437        0.71855
           2.2         5.3027        0.73119
           2.4         6.9509        0.68181
           2.6         6.7889        0.68827
           2.8         7.2815        0.64867
             3         6.9094        0.66592
           3.2         7.2048        0.70115
           3.4         9.4662         0.7156
           3.6         9.3185        0.73525
           3.8         10.757        0.80672
             4         9.7157        0.75686
           4.2         10.153         0.8044
           4.4         10.949        0.86691
           4.6         10.344        0.73816
           4.8         12.064        0.85926
             5         9.1102        0.77042
           5.2         10.768        0.77314
        5.4001         11.168        0.85964
           5.6         9.3227        0.78013
        5.8001         10.746        0.83366
             6         9.1606        0.75976
        6.2001          8.205         0.7308
           6.4         6.5022        0.72615
           6.6         7.3902        0.72775
           6.8         6.7637        0.79366
             7         6.6362        0.74066
           7.2         6.0129        0.75112
           7.4         5.8072        0.80467
           7.6         5.3512        0.75847
           7.8          4.792        0.71567
             8         5.0361        0.69023
           8.2          3.981        0.64589
           8.4         4.0652        0.66032
           8.6         2.8637        0.64602
        8.8001         4.0908          0.654
             9         3.4647        0.61414
        9.2001         3.1093        0.59236
           9.4         2.1638        0.60971
        9.6001         2.4841        0.66785
           9.8         2.4463        0.65196
            10         1.5198        0.60771
          10.2          1.782        0.65548
          10.4         1.7012        0.66011
          10.6         2.1587        0.66942
          10.8         2.1933        0.71021
            11         3.0114        0.69337
          11.2         2.4223        0.75636
          11.4         1.5686        0.77162
          11.6         1.9084        0.75355
          11.8         1.1226        0.73742
            12         3.3172        0.83179
