            -5       -0.12458        0.20307
       -4.7998       -0.17281        0.20098
          -4.6        0.23651        0.21281
       -4.3998       -0.61959        0.29112
          -4.2        -0.5556        0.26173
       -3.9998       -0.17509        0.27959
          -3.8       -0.87623        0.32485
       -3.5998       0.030676        0.32763
          -3.4       -0.93481         0.3803
          -3.2       -0.45881        0.36761
            -3        0.23951        0.41873
        2.0002         2.2978        0.54575
           2.2         2.0202         0.6149
           2.4         3.2642        0.48473
           2.6          4.597        0.55176
           2.8         6.5259         0.5008
             3         8.6096        0.60199
           3.2         10.387         0.6341
           3.4         12.829        0.62606
           3.6          13.71        0.67986
           3.8         14.665        0.67107
             4          16.77        0.69843
           4.2         16.406        0.78977
           4.4         14.428        0.73224
           4.6         14.819         0.7296
           4.8         16.322        0.77166
             5         16.812        0.73937
           5.2         15.407        0.72648
        5.4001          15.17        0.71057
           5.6         13.648        0.70446
        5.8001         12.882        0.68592
             6         12.381        0.68368
        6.2001         11.171        0.67038
           6.4          10.82        0.66794
           6.6         10.199        0.66844
           6.8         10.123        0.64478
             7         10.471        0.61582
           7.2         8.4552        0.66843
           7.4         8.4694        0.76588
           7.6         8.4146         0.6578
           7.8         6.0232         0.5715
             8         5.3295        0.63458
           8.2         6.2053        0.63197
           8.4         4.5279        0.60442
           8.6         4.8033        0.60022
        8.8001         4.1393        0.53289
             9         3.3971        0.45542
        9.2001         2.5634        0.64554
           9.4           2.32        0.50609
        9.6001         2.3696        0.54029
           9.8         2.0044        0.54163
            10        0.54159        0.63196
          10.2          1.289        0.63626
          10.4         1.5778        0.56867
          10.6         1.3223        0.72668
          10.8         1.5002        0.69229
            11        0.29533        0.67196
          11.2       0.027433        0.63236
          11.4         0.4166        0.79276
          11.6        0.18609         0.6839
          11.8        -2.1566        0.99797
            12        -3.9224         1.1208
