# MSlice Cut of workspace "MER38435_Ei10.22meV_Rings174final" along "DeltaE" between 0.500 and 1.300
-5.000000000e+00 7.891521711e+01 3.953790222e+00
-4.924528302e+00 9.384165282e+01 3.431970716e+00
-4.849056604e+00 1.022776830e+02 3.622149888e+00
-4.773584906e+00 1.156388119e+02 4.632985351e+00
-4.698113208e+00 1.210185214e+02 4.190818426e+00
-4.622641509e+00 1.148662129e+02 3.968657486e+00
-4.547169811e+00 1.032292059e+02 3.331539163e+00
-4.471698113e+00 9.891515690e+01 3.183325410e+00
-4.396226415e+00 9.298742968e+01 3.066415032e+00
-4.320754717e+00 9.286662089e+01 2.983432529e+00
-4.245283019e+00 9.677498880e+01 3.064525862e+00
-4.169811321e+00 1.001006909e+02 3.132512907e+00
-4.094339623e+00 1.211840268e+02 3.431288123e+00
-4.018867925e+00 1.427242874e+02 3.713696334e+00
-3.943396226e+00 1.567954949e+02 3.866203841e+00
-3.867924528e+00 1.663689136e+02 3.962863594e+00
-3.792452830e+00 1.686447089e+02 3.935384950e+00
-3.716981132e+00 1.650871517e+02 3.895513229e+00
-3.641509434e+00 1.522698289e+02 3.711853548e+00
-3.566037736e+00 1.232267843e+02 3.345872914e+00
-3.490566038e+00 9.969938145e+01 2.971727343e+00
-3.415094340e+00 7.063482775e+01 2.524999102e+00
-3.339622642e+00 5.579156698e+01 2.221767280e+00
-3.264150943e+00 4.407332659e+01 1.983779319e+00
-3.188679245e+00 3.376868484e+01 1.720523522e+00
-3.113207547e+00 2.617182449e+01 1.493698040e+00
-3.037735849e+00 2.573011837e+01 1.517975667e+00
-2.962264151e+00 2.546787212e+01 1.531451343e+00
-2.886792453e+00 2.469139189e+01 1.511607344e+00
-2.811320755e+00 2.407571674e+01 1.480393720e+00
-2.735849057e+00 2.710652935e+01 1.572996244e+00
-2.660377358e+00 3.014996421e+01 1.647330318e+00
-2.584905660e+00 3.608475774e+01 1.814744183e+00
-2.509433962e+00 4.022291600e+01 1.926411158e+00
-2.433962264e+00 5.034155901e+01 2.169093709e+00
-2.358490566e+00 5.524077408e+01 2.246753505e+00
-2.283018868e+00 6.724836032e+01 2.482791116e+00
-2.207547170e+00 7.976228587e+01 2.705953944e+00
-2.132075472e+00 9.808753306e+01 3.001154097e+00
-2.056603774e+00 1.126921049e+02 3.206204918e+00
-1.981132075e+00 1.331693201e+02 3.491860177e+00
-1.905660377e+00 1.502846953e+02 3.702135752e+00
-1.830188679e+00 1.898743220e+02 4.192512923e+00
-1.754716981e+00 2.261374871e+02 4.575440988e+00
-1.679245283e+00 2.591968270e+02 4.887190595e+00
-1.603773585e+00 2.781448757e+02 5.038473194e+00
-1.528301887e+00 2.974386110e+02 5.216489151e+00
-1.452830189e+00 2.861728264e+02 5.095844049e+00
-1.377358491e+00 2.808271282e+02 5.053920784e+00
-1.301886792e+00 2.428270745e+02 4.694901947e+00
-1.226415094e+00 2.321052175e+02 4.587307587e+00
-1.150943396e+00 2.397511705e+02 4.701110518e+00
-1.075471698e+00 2.712110495e+02 5.010191319e+00
-1.000000000e+00 3.533051831e+02 5.719670612e+00
-9.245283019e-01 4.666779277e+02 6.575158685e+00
-8.490566038e-01 6.252704519e+02 7.614244932e+00
-7.735849057e-01 7.801446407e+02 8.507220503e+00
-6.981132075e-01 9.380425686e+02 9.326266974e+00
-6.226415094e-01 1.013139246e+03 9.676449335e+00
-5.471698113e-01 1.039002805e+03 9.776128708e+00
-4.716981132e-01 9.928227483e+02 9.552632862e+00
-3.962264151e-01 9.151613325e+02 9.153706278e+00
-3.207547170e-01 8.785284331e+02 8.984839567e+00
-2.452830189e-01 9.090672055e+02 9.168625875e+00
-1.698113208e-01 1.070464235e+03 9.980709359e+00
-9.433962264e-02 1.223839914e+03 1.069050541e+01
-1.886792453e-02 1.366964671e+03 1.132562513e+01
5.660377358e-02 1.345012539e+03 1.123224960e+01
1.320754717e-01 1.178650054e+03 1.046520730e+01
2.075471698e-01 9.931741595e+02 9.573857649e+00
2.830188679e-01 8.299647605e+02 8.781164664e+00
3.584905660e-01 8.188736725e+02 8.738607421e+00
4.339622642e-01 9.396911198e+02 9.370067432e+00
5.094339623e-01 1.073596346e+03 1.001734639e+01
5.849056604e-01 1.209726780e+03 1.060997878e+01
6.603773585e-01 1.220912724e+03 1.064802426e+01
7.358490566e-01 1.100218694e+03 1.007879314e+01
8.113207547e-01 8.745576790e+02 8.990064469e+00
8.867924528e-01 6.595512310e+02 7.797403173e+00
9.622641509e-01 4.264829133e+02 6.266495385e+00
1.037735849e+00 2.960409908e+02 5.216720062e+00
1.113207547e+00 2.187647632e+02 4.494917802e+00
1.188679245e+00 2.045578208e+02 4.366518429e+00
1.264150943e+00 2.317166323e+02 4.666098444e+00
1.339622642e+00 2.821198633e+02 5.160755741e+00
1.415094340e+00 3.542978373e+02 5.765312138e+00
1.490566038e+00 4.104052501e+02 6.187881454e+00
1.566037736e+00 4.449451815e+02 6.438673432e+00
1.641509434e+00 4.306259150e+02 6.335055716e+00
1.716981132e+00 3.600193291e+02 5.789624283e+00
1.792452830e+00 2.811542009e+02 5.116392244e+00
1.867924528e+00 2.090766621e+02 4.418475994e+00
1.943396226e+00 1.635267001e+02 3.918081888e+00
2.018867925e+00 1.500872655e+02 3.749702246e+00
2.094339623e+00 1.382192801e+02 3.582359449e+00
2.169811321e+00 1.166414038e+02 3.313016209e+00
2.245283019e+00 9.074915544e+01 2.914918620e+00
2.320754717e+00 7.443912535e+01 2.646828347e+00
2.396226415e+00 6.398785918e+01 2.441896734e+00
2.471698113e+00 5.784648463e+01 2.336966277e+00
2.547169811e+00 4.598306565e+01 2.087873866e+00
2.622641509e+00 3.553091785e+01 1.835630496e+00
2.698113208e+00 2.889235179e+01 1.640096305e+00
2.773584906e+00 2.675558900e+01 1.582253057e+00
2.849056604e+00 2.659864956e+01 1.588401568e+00
2.924528302e+00 2.894583225e+01 1.649391931e+00
3.000000000e+00 3.021241238e+01 1.687089457e+00
3.075471698e+00 3.762133668e+01 1.908144530e+00
3.150943396e+00 4.265356469e+01 2.046607432e+00
3.226415094e+00 5.695692664e+01 2.340478258e+00
3.301886792e+00 6.426984481e+01 2.490892203e+00
3.377358491e+00 8.509863864e+01 2.884532684e+00
3.452830189e+00 1.141627676e+02 3.391130322e+00
3.528301887e+00 1.900954488e+02 4.358797384e+00
3.603773585e+00 2.883095696e+02 5.435918624e+00
3.679245283e+00 4.299821981e+02 6.705555896e+00
3.754716981e+00 5.562039127e+02 7.753366853e+00
3.830188679e+00 5.996177712e+02 8.280436523e+00
3.905660377e+00 5.188562257e+02 8.167022040e+00
3.981132075e+00 3.706033528e+02 6.740101508e+00
4.056603774e+00 2.335077782e+02 5.694587941e+00
4.132075472e+00 1.487036264e+02 4.795066739e+00
4.207547170e+00 9.986169625e+01 3.894400838e+00
4.283018868e+00 8.892610176e+01 3.479068380e+00
4.358490566e+00 1.004969358e+02 3.714128024e+00
4.433962264e+00 1.391959713e+02 4.310666720e+00
4.509433962e+00 2.216472777e+02 5.661346179e+00
4.584905660e+00 3.257270591e+02 8.117925265e+00
4.660377358e+00 4.373512696e+02 8.365480916e+00
4.735849057e+00 4.907623801e+02 7.967863257e+00
4.811320755e+00 4.661942008e+02 9.580784924e+00
4.886792453e+00 3.327622518e+02 6.762369028e+00
4.962264151e+00 2.050866527e+02 5.097963008e+00
5.037735849e+00 1.208994358e+02 5.045613831e+00
5.113207547e+00 6.856529401e+01 3.480911266e+00
5.188679245e+00 4.465167289e+01 3.075816226e+00
5.264150943e+00 3.729688272e+01 3.395607428e+00
5.339622642e+00 2.963112774e+01 2.219688602e+00
5.415094340e+00 2.626020170e+01 2.062382527e+00
5.490566038e+00 2.275035453e+01 2.018721405e+00
5.566037736e+00 2.274628339e+01 2.000669509e+00
5.641509434e+00 1.876232373e+01 1.726115241e+00
5.716981132e+00 1.949651225e+01 3.064905569e+00
5.792452830e+00 1.625089366e+01 1.557292696e+00
5.867924528e+00 1.442350699e+01 1.347002680e+00
5.943396226e+00 1.860573983e+01 1.754652933e+00
6.018867925e+00 1.798948336e+01 1.629405918e+00
6.094339623e+00 2.140912031e+01 3.351295464e+00
6.169811321e+00 2.459783385e+01 2.672281526e+00
6.245283019e+00 2.919197805e+01 2.701875847e+00
6.320754717e+00 3.607577578e+01 3.184171296e+00
6.396226415e+00 3.256266960e+01 2.765630211e+00
6.471698113e+00 3.256983862e+01 4.234076542e+00
6.547169811e+00 2.838172398e+01 3.087623453e+00
6.622641509e+00 2.179615243e+01 2.347587417e+00
6.698113208e+00 1.988663026e+01 2.502636902e+00
6.773584906e+00 1.884846531e+01 3.625077092e+00
6.849056604e+00 3.356532180e+01 5.010517466e+00
6.924528302e+00 5.613124228e+01 8.643434375e+00
7.000000000e+00 5.335199211e+01 8.615646684e+00
