# MSlice Cut of workspace "MER38436_Ei10.22meV_Rings174" along "DeltaE" between 0.500 and 1.300
-5.000000000e+00 8.573246760e+01 3.440071000e+00
-4.924528302e+00 9.640944346e+01 3.711532515e+00
-4.849056604e+00 1.103438795e+02 4.671507385e+00
-4.773584906e+00 1.177631143e+02 4.236948095e+00
-4.698113208e+00 1.237495231e+02 3.646575968e+00
-4.622641509e+00 1.282389742e+02 3.919030658e+00
-4.547169811e+00 1.270508954e+02 3.715845459e+00
-4.471698113e+00 1.219499592e+02 3.625946623e+00
-4.396226415e+00 1.165335883e+02 3.415735697e+00
-4.320754717e+00 1.123052353e+02 3.310637522e+00
-4.245283019e+00 1.079331259e+02 3.177932702e+00
-4.169811321e+00 1.123719176e+02 3.243806208e+00
-4.094339623e+00 1.183029635e+02 3.373505641e+00
-4.018867925e+00 1.274857306e+02 3.498234918e+00
-3.943396226e+00 1.335249481e+02 3.558448077e+00
-3.867924528e+00 1.472117116e+02 3.718615111e+00
-3.792452830e+00 1.559611375e+02 3.808146893e+00
-3.716981132e+00 1.543249563e+02 3.749609368e+00
-3.641509434e+00 1.490973065e+02 3.670878197e+00
-3.566037736e+00 1.404134229e+02 3.569064453e+00
-3.490566038e+00 1.270517388e+02 3.415587543e+00
-3.415094340e+00 1.094989824e+02 3.100267001e+00
-3.339622642e+00 9.675591734e+01 2.939404085e+00
-3.264150943e+00 8.320009854e+01 2.715523293e+00
-3.188679245e+00 7.578266784e+01 2.606617215e+00
-3.113207547e+00 7.267389648e+01 2.555522631e+00
-3.037735849e+00 6.858763056e+01 2.482070508e+00
-2.962264151e+00 7.686567833e+01 2.634181327e+00
-2.886792453e+00 7.608723652e+01 2.611298350e+00
-2.811320755e+00 8.224307686e+01 2.707858850e+00
-2.735849057e+00 9.245764176e+01 2.868970487e+00
-2.660377358e+00 1.033771112e+02 3.055405668e+00
-2.584905660e+00 1.124315999e+02 3.166869318e+00
-2.509433962e+00 1.242273470e+02 3.350301916e+00
-2.433962264e+00 1.558740580e+02 3.775457863e+00
-2.358490566e+00 1.715568614e+02 3.963172077e+00
-2.283018868e+00 2.013670076e+02 4.277874730e+00
-2.207547170e+00 2.252377535e+02 4.523055639e+00
-2.132075472e+00 2.595975582e+02 4.856291792e+00
-2.056603774e+00 2.886263294e+02 5.125969923e+00
-1.981132075e+00 3.083912644e+02 5.308617758e+00
-1.905660377e+00 3.320090705e+02 5.519964304e+00
-1.830188679e+00 3.504180983e+02 5.656876651e+00
-1.754716981e+00 3.638380930e+02 5.737242558e+00
-1.679245283e+00 3.934181991e+02 5.988014804e+00
-1.603773585e+00 4.136160276e+02 6.135890953e+00
-1.528301887e+00 4.107950366e+02 6.101456640e+00
-1.452830189e+00 4.166534778e+02 6.128503793e+00
-1.377358491e+00 3.966764353e+02 5.992774277e+00
-1.301886792e+00 3.806925075e+02 5.891404168e+00
-1.226415094e+00 3.640062283e+02 5.784815359e+00
-1.150943396e+00 3.725901317e+02 5.830510525e+00
-1.075471698e+00 3.727806168e+02 5.851760953e+00
-1.000000000e+00 4.068430377e+02 6.119574338e+00
-9.245283019e-01 4.518515522e+02 6.457213466e+00
-8.490566038e-01 5.330575177e+02 7.019903725e+00
-7.735849057e-01 6.085785367e+02 7.502401907e+00
-6.981132075e-01 6.884934463e+02 7.990219615e+00
-6.226415094e-01 7.726954578e+02 8.468319888e+00
-5.471698113e-01 8.165795487e+02 8.689015323e+00
-4.716981132e-01 8.807570344e+02 9.023554272e+00
-3.962264151e-01 9.220232609e+02 9.242114521e+00
-3.207547170e-01 9.784286569e+02 9.537205242e+00
-2.452830189e-01 1.093265351e+03 1.007369778e+01
-1.698113208e-01 1.278336548e+03 1.090749261e+01
-9.433962264e-02 1.446016768e+03 1.161298265e+01
-1.886792453e-02 1.578532115e+03 1.216598130e+01
5.660377358e-02 1.522427076e+03 1.194545123e+01
1.320754717e-01 1.316130230e+03 1.104913316e+01
2.075471698e-01 1.119253247e+03 1.018376340e+01
2.830188679e-01 9.211311854e+02 9.249796408e+00
3.584905660e-01 8.404640114e+02 8.855523380e+00
4.339622642e-01 8.370838466e+02 8.850773116e+00
5.094339623e-01 8.432943454e+02 8.868875584e+00
5.849056604e-01 8.230793450e+02 8.733072301e+00
6.603773585e-01 7.646508319e+02 8.422988897e+00
7.358490566e-01 6.796103095e+02 7.940858720e+00
8.113207547e-01 5.724456916e+02 7.295492667e+00
8.867924528e-01 4.775632779e+02 6.660598687e+00
9.622641509e-01 4.012780398e+02 6.123138946e+00
1.037735849e+00 3.726571244e+02 5.901414871e+00
1.113207547e+00 3.482744576e+02 5.691649995e+00
1.188679245e+00 3.449815867e+02 5.661507513e+00
1.264150943e+00 3.790594196e+02 5.947663110e+00
1.339622642e+00 4.113150257e+02 6.204974704e+00
1.415094340e+00 4.374772960e+02 6.363748555e+00
1.490566038e+00 4.645941490e+02 6.585107244e+00
1.566037736e+00 4.605731070e+02 6.524799012e+00
1.641509434e+00 4.261603562e+02 6.293677752e+00
1.716981132e+00 4.133601174e+02 6.207575352e+00
1.792452830e+00 3.911570814e+02 6.030874812e+00
1.867924528e+00 3.681845985e+02 5.869793344e+00
1.943396226e+00 3.490617374e+02 5.712582175e+00
2.018867925e+00 3.418226624e+02 5.663701065e+00
2.094339623e+00 2.990639005e+02 5.268349103e+00
2.169811321e+00 2.608866326e+02 4.936760506e+00
2.245283019e+00 2.151646807e+02 4.472079669e+00
2.320754717e+00 1.857528855e+02 4.168292658e+00
2.396226415e+00 1.575543222e+02 3.826409379e+00
2.471698113e+00 1.389845210e+02 3.593756876e+00
2.547169811e+00 1.142853222e+02 3.255848014e+00
2.622641509e+00 1.069532580e+02 3.149337244e+00
2.698113208e+00 8.852513522e+01 2.846648718e+00
2.773584906e+00 8.093563647e+01 2.734377822e+00
2.849056604e+00 7.676554910e+01 2.687564299e+00
2.924528302e+00 7.164451343e+01 2.587855426e+00
3.000000000e+00 6.869452450e+01 2.525272684e+00
3.075471698e+00 7.195180769e+01 2.593633918e+00
3.150943396e+00 6.780385694e+01 2.530642691e+00
3.226415094e+00 8.103670813e+01 2.753817033e+00
3.301886792e+00 9.655477748e+01 3.071640542e+00
3.377358491e+00 1.165585770e+02 3.370667471e+00
3.452830189e+00 1.373366948e+02 3.674688604e+00
3.528301887e+00 1.755596182e+02 4.119176785e+00
3.603773585e+00 2.145579854e+02 4.629832489e+00
3.679245283e+00 2.546112949e+02 5.105812534e+00
3.754716981e+00 2.610806409e+02 5.160192238e+00
3.830188679e+00 2.318170528e+02 5.002508878e+00
3.905660377e+00 2.002775298e+02 5.097713929e+00
3.981132075e+00 1.450860226e+02 4.374630221e+00
4.056603774e+00 1.233340620e+02 4.349489440e+00
4.132075472e+00 1.120716066e+02 4.248982755e+00
4.207547170e+00 9.925551010e+01 3.357586086e+00
4.283018868e+00 1.057115064e+02 3.598429549e+00
4.358490566e+00 1.277500961e+02 4.492356088e+00
4.433962264e+00 1.476915254e+02 4.398503761e+00
4.509433962e+00 1.864408317e+02 5.842013910e+00
4.584905660e+00 2.267666811e+02 7.577146768e+00
4.660377358e+00 2.355910386e+02 6.359939350e+00
4.735849057e+00 2.095550041e+02 5.706612813e+00
4.811320755e+00 1.890899392e+02 6.296892082e+00
4.886792453e+00 1.389836925e+02 5.040283864e+00
4.962264151e+00 9.890265015e+01 4.514852292e+00
5.037735849e+00 7.120906887e+01 3.320482735e+00
5.113207547e+00 5.834306912e+01 2.815432854e+00
5.188679245e+00 4.814652224e+01 2.639314574e+00
5.264150943e+00 3.790617605e+01 2.224097559e+00
5.339622642e+00 3.617193840e+01 2.870179534e+00
5.415094340e+00 3.536072866e+01 2.738148892e+00
5.490566038e+00 2.975912357e+01 2.424032943e+00
5.566037736e+00 3.273100687e+01 4.082919694e+00
5.641509434e+00 2.660703740e+01 2.143168031e+00
5.716981132e+00 2.635268568e+01 2.306937498e+00
5.792452830e+00 2.762774841e+01 2.340334924e+00
5.867924528e+00 2.953355228e+01 3.304742638e+00
5.943396226e+00 3.095633826e+01 3.537465146e+00
6.018867925e+00 2.827368037e+01 2.422474955e+00
6.094339623e+00 2.664927315e+01 2.691024254e+00
6.169811321e+00 3.249855859e+01 3.227228971e+00
6.245283019e+00 3.634018093e+01 3.162786321e+00
6.320754717e+00 3.345403485e+01 2.414451713e+00
6.396226415e+00 3.567700099e+01 2.499950590e+00
6.471698113e+00 3.525834920e+01 2.743812420e+00
6.547169811e+00 3.398527709e+01 2.507337726e+00
6.622641509e+00 3.088222088e+01 2.546760703e+00
6.698113208e+00 3.747196717e+01 4.876171949e+00
6.773584906e+00 3.327113013e+01 3.950351553e+00
6.849056604e+00 4.150661834e+01 5.608457582e+00
6.924528302e+00 4.494504151e+01 6.251562263e+00
7.000000000e+00 5.065508839e+01 5.934837453e+00
