 3.368417      21.759546
 3.644963      23.313239
 4.437205      25.637898
 4.977832      27.966478
 5.254378      29.520171
 5.543390      31.852671
 6.096482      34.960058
 7.121641      36.112587
 9.473435      41.528953
 10.278143      44.632419
 11.309534      46.174352
 13.126935      49.651541
 14.416175      51.578957
 15.447566      53.120889
 17.743266      55.032625
 19.020040      56.181234
 20.038966      56.944360
 22.548884      56.515755
 25.574498      56.858116
 31.625726      57.542839
 41.690330      57.386032
 51.276636      58.794679
 61.378636      60.974292
 71.499336      64.322116
 81.890348      68.834229
 92.275128      72.956939
 101.911295      77.480813
 112.050693      81.996846
 121.944708      86.906203
 131.832491      91.426157
 141.990586      97.110401
 151.884602      102.019758
 161.778617      106.929115
 171.421017      111.842392
 181.315032      116.751749
 192.215508      121.645425
 201.600060      126.173219
 211.751923      131.468059
 221.645938      136.377416
 232.307264      142.053820
 242.459127      147.348660
 252.353143      152.258017
 261.750160      157.564617
 272.392788      162.072811
 282.286803      166.982168
 292.715213      173.830701
 302.879541      179.904348
 