4.585167      3.434067
4.867946      5.377164
6.402568      6.911256
8.685802      8.044185
10.465806      9.184954
11.748813      10.722966
13.025586      11.871575
15.057206      13.008424
16.346445      14.935840
18.881294      16.064848
20.151835      16.824054
21.422376      17.583260
22.686685      17.953063
31.580472      23.267504
41.977718      28.169020
51.884199      33.857184
61.287449      39.553188
71.445545      45.237432
81.345793      50.536192
91.749271      55.827112
101.907367      61.511355
111.040304      66.043070
121.456248      72.112796
131.608111      77.407636
141.508359      82.706397
152.169685      88.382800
161.554237      92.910594
170.951255      98.217195
181.606348      103.504195
190.770449      109.982925
201.916307      114.483278
211.822788      120.171442
221.465188      125.084719
231.617051      130.379559
241.768914      135.674400
251.656696      140.194353
261.556944      145.493114
271.715040      151.177357
281.866903      156.472197
293.025227      161.751357
303.202021      168.603810