2.848792      5.019122
3.634801      6.954378
5.175656      8.877874
7.483821      11.568416
10.031136      13.476231
11.068760      15.407567
13.616075      17.315382
14.886617      18.074588
15.911775      19.227117
17.691779      20.367886
18.471556      21.913739
19.729631      21.894138
21.767483      23.420390
22.276946      23.801953
31.962976      31.441054
41.605376      36.354331
52.272935      42.420137
61.934033      48.501625
72.085896      53.796465
81.998610      59.874032
91.892625      64.783389
101.786640      69.692746
112.202584      75.762473
122.109064      81.450636
132.260928      86.745477
141.909560      92.048157
152.564654      97.335157
162.225752      103.416644
172.377615      108.711484
181.768400      113.628682
192.159413      118.140795
192.171878      118.919602
202.090825      125.386572
212.009771      131.853543
222.400784      136.365656
232.307264      142.053820
241.949664      146.967097
251.598297      152.269777
261.756393      157.954021
272.172337      164.023748
282.833663      169.700151
293.249607      175.769877
302.923171      182.630171